name = "081007"
z = 0.5295
fn = "data-files/grb-081007/grb_081007_1chan_64ms.lc"
t_true = 9.728 # true T90
alpha = -1.52043
ep = 20.1229
norm = 4.77485E-02 # counts cm−2 s^−1 keV^−1